[{"id": 0, "img_name": "00.JPG", "width": 1420, "height": 1420, "position": [-4.822399515037736, -0.1368072300003842, -0.5780091405793943], "rotation": [[0.9994863384728406, -0.021255351836208157, 0.023984770677936158], [0.021202678571082757, 0.9997722001385594, 0.0024483160571117774], [-0.02403134676969919, -0.001938517068061502, 0.9997093260163235]], "fy": 1437.1119993731083, "fx": 1437.1119993731083}, {"id": 1, "img_name": "01.JPG", "width": 1420, "height": 1420, "position": [-4.8998700285488646, -0.1546825729475879, -0.5470733780243907], "rotation": [[0.9994440476797123, -0.020264660389693424, 0.02647525442528161], [0.020010007715032467, 0.9997512740999152, 0.009848326093319282], [-0.02666824232748278, -0.009313080848269418, 0.9996009560701091]], "fy": 1437.1119993731083, "fx": 1437.1119993731083}, {"id": 2, "img_name": "02.JPG", "width": 1420, "height": 1420, "position": [-4.930824512876655, -0.1586011378233672, -0.5499404611475471], "rotation": [[0.9994200520164819, -0.019616963441505104, 0.027834050598275137], [0.01920648605999016, 0.9997039273244326, 0.014938828111099051], [-0.028118864141356986, -0.014395570063051063, 0.9995009239825442]], "fy": 1437.1119993731083, "fx": 1437.1119993731083}, {"id": 3, "img_name": "03.JPG", "width": 1420, "height": 1420, "position": [-4.90156677481193, -0.16021068099145686, -0.5626474062856526], "rotation": [[0.9995791041645192, -0.01764276323281046, 0.023029273179332416], [0.017217657110112687, 0.9996800638444879, 0.018528956676487227], [-0.02334880727780145, -0.018124647786689426, 0.9995630697166199]], "fy": 1437.1119993731083, "fx": 1437.1119993731083}, {"id": 4, "img_name": "04.JPG", "width": 1420, "height": 1420, "position": [-4.005889161384724, -0.1410226048798705, -0.5753542509053481], "rotation": [[0.9999436361156592, -0.01061611650896928, -0.00015053923802014696], [0.010617053395434294, 0.9997605633053672, 0.019133589222442356], [-5.26212190176241e-05, -0.019134109062160565, 0.9998169247924366]], "fy": 1437.1119993731083, "fx": 1437.1119993731083}, {"id": 5, "img_name": "05.JPG", "width": 1420, "height": 1420, "position": [-2.3889807316570173, -0.10287098336786363, -0.5143777898138486], "rotation": [[0.999350155306383, 0.0011565333672954264, -0.036026788917117004], [-0.0004577796884598411, 0.9998117439484489, 0.019397605535688846], [0.036042440634133054, -0.019368507772455915, 0.9991625510295126]], "fy": 1437.1119993731083, "fx": 1437.1119993731083}, {"id": 6, "img_name": "06.JPG", "width": 1420, "height": 1420, "position": [-1.2515973517117185, -0.1650652205099522, 0.06355839601147545], "rotation": [[0.9968806781019548, 0.014353136031784675, -0.07760735218418194], [-0.012905864269826024, 0.9997339317646398, 0.01911816795258823], [0.07786110899823732, -0.018056942279013576, 0.9968006794445401]], "fy": 1437.1119993731083, "fx": 1437.1119993731083}, {"id": 7, "img_name": "07.JPG", "width": 1420, "height": 1420, "position": [0.5059827473861158, -0.21165333935220457, 0.29201302070424356], "rotation": [[0.9920394644235166, 0.027435322839563007, -0.1229024169290064], [-0.025331562245914374, 0.9995051666939065, 0.018647619321714038], [0.12335320417599104, -0.015385864060076368, 0.9922435498438079]], "fy": 1437.1119993731083, "fx": 1437.1119993731083}, {"id": 8, "img_name": "08.JPG", "width": 1420, "height": 1420, "position": [1.9353473034268727, -0.20892460034314234, 0.5340605418035752], "rotation": [[0.9854607461463316, 0.038417192031366114, -0.1655029823330701], [-0.035751679254207455, 0.9991790118213685, 0.019055701671101315], [0.16609917289143747, -0.012861636447158716, 0.9860251736505928]], "fy": 1437.1119993731083, "fx": 1437.1119993731083}, {"id": 9, "img_name": "09.JPG", "width": 1420, "height": 1420, "position": [3.70780051735479, -0.24716586546192412, 0.7346183847157097], "rotation": [[0.9757505336558797, 0.051518485120606784, -0.21273631979787583], [-0.047094467923779325, 0.9985568198673183, 0.02581450343206663], [0.21375922707860448, -0.015169811710956625, 0.9767685855162478]], "fy": 1437.1119993731083, "fx": 1437.1119993731083}, {"id": 10, "img_name": "10.JPG", "width": 1420, "height": 1420, "position": [4.669850030333472, -0.5889236185829435, 0.7529938497592134], "rotation": [[0.9721348416022394, 0.06307315709227052, -0.2257778257433682], [-0.05371450164944668, 0.9974324614068596, 0.04736282555343433], [0.2281854553987623, -0.033915509523921736, 0.9730267910793577]], "fy": 1437.1119993731083, "fx": 1437.1119993731083}, {"id": 11, "img_name": "11.JPG", "width": 1420, "height": 1420, "position": [3.722515010487855, -1.041988251712905, 0.6711971135593219], "rotation": [[0.9779434803230056, 0.0706123436058871, -0.19657173302438818], [-0.060384798895120606, 0.9965145851052588, 0.05755308623253532], [0.19995055727885094, -0.04441372088643263, 0.9787988537186275]], "fy": 1437.1119993731083, "fx": 1437.1119993731083}, {"id": 12, "img_name": "12.JPG", "width": 1420, "height": 1420, "position": [1.7740424865938775, -1.2280697128850486, 0.49785382671304323], "rotation": [[0.9861480792365754, 0.05799052793295113, -0.15539969268975656], [-0.04841946652577958, 0.996730306110233, 0.064685795525449], [0.15864274669638093, -0.05626540279300327, 0.9857315473135518]], "fy": 1437.1119993731083, "fx": 1437.1119993731083}, {"id": 13, "img_name": "13.JPG", "width": 1420, "height": 1420, "position": [0.5885281455644255, -1.328905857243688, 0.2417416897885416], "rotation": [[0.9926839415102553, 0.02851879800347629, -0.11732548925148766], [-0.02129211522355848, 0.9978244473689832, 0.06239405470146825], [0.1188496449173103, -0.059439468312056945, 0.9911315308826619]], "fy": 1437.1119993731083, "fx": 1437.1119993731083}, {"id": 14, "img_name": "14.JPG", "width": 1420, "height": 1420, "position": [-1.2518731007836126, -1.293181240696555, 0.05554812724894038], "rotation": [[0.996013884946729, -0.0072589583899655, -0.08890246631233951], [0.011482742085557036, 0.9988245810097136, 0.047091432394509934], [0.08845613391687707, -0.0479245646183966, 0.9949265040587756]], "fy": 1437.1119993731083, "fx": 1437.1119993731083}, {"id": 15, "img_name": "15.JPG", "width": 1420, "height": 1420, "position": [-2.550527154202855, -0.9447045802156849, -0.10129421231943633], "rotation": [[0.9971181928691408, -0.03599578556513091, -0.06678033296508802], [0.037634773222968335, 0.9990163986386583, 0.023449074512675562], [0.06587057988081366, -0.025894761489428292, 0.9974921192839424]], "fy": 1437.1119993731083, "fx": 1437.1119993731083}, {"id": 16, "img_name": "16.JPG", "width": 1420, "height": 1420, "position": [-3.8142952409185833, -0.3927165204731205, -0.07684245668970623], "rotation": [[0.9972231031341491, -0.05351723354388283, -0.051787916441075756], [0.053540564815518214, 0.9985652350586866, -0.0009376840755335636], [0.05176379521184314, -0.0018376740733110023, 0.9986576652984077]], "fy": 1437.1119993731083, "fx": 1437.1119993731083}, {"id": 17, "img_name": "17.JPG", "width": 1420, "height": 1420, "position": [-3.90607011557032, 0.2239204254336168, -0.02008833614212852], "rotation": [[0.9978692793125318, -0.05322189011397893, -0.037740320838381414], [0.05229572447878258, 0.9983157094045265, -0.025117753828236892], [0.039013569505079594, 0.023090577490227485, 0.9989718547715145]], "fy": 1437.1119993731083, "fx": 1437.1119993731083}, {"id": 18, "img_name": "18.JPG", "width": 1420, "height": 1420, "position": [-3.1233246267034844, 0.6254780181152614, -0.08986492454527059], "rotation": [[0.9990429305685905, -0.04088226119158751, -0.015551964531379735], [0.040221842059078944, 0.9983639649377425, -0.04063984418233659], [0.017187969696767117, 0.03997542036868287, 0.9990528211581458]], "fy": 1437.1119993731083, "fx": 1437.1119993731083}, {"id": 19, "img_name": "19.JPG", "width": 1420, "height": 1420, "position": [-1.389345372719213, 0.8828648229320453, -0.292488762215651], "rotation": [[0.9979852940383432, -0.017764459564803034, -0.060907937574441615], [0.015104910675895495, 0.9989238936282065, -0.04385084277567396], [0.06162138067809596, 0.042842487264795184, 0.9971796862794043]], "fy": 1437.1119993731083, "fx": 1437.1119993731083}, {"id": 20, "img_name": "20.JPG", "width": 1420, "height": 1420, "position": [0.008951096388723715, 1.045012571083266, -0.3390698953548733], "rotation": [[0.9936118125454572, -0.004329017027543699, -0.11276890343399842], [-0.0022907802954742983, 0.9982843874905182, -0.05850670062752409], [0.11282871219582849, 0.05839127763849748, 0.9918972428633799]], "fy": 1437.1119993731083, "fx": 1437.1119993731083}, {"id": 21, "img_name": "21.JPG", "width": 1420, "height": 1420, "position": [1.781074090058733, 1.1409129966217073, -0.2556536975964527], "rotation": [[0.9826090994393404, 0.022740883306840466, -0.18428838792890082], [-0.03713625044727252, 0.9964886268488253, -0.0750420912798958], [0.18193475919055663, 0.08058082146123499, 0.9800033033673441]], "fy": 1437.1119993731083, "fx": 1437.1119993731083}, {"id": 22, "img_name": "22.JPG", "width": 1420, "height": 1420, "position": [3.2480779325514817, 1.211074607582212, -0.10209417712353444], "rotation": [[0.9767671244831396, 0.016948419365777245, -0.21363224384427631], [-0.03456433430857402, 0.9962755645084985, -0.07899560973293326], [0.21149773361136454, 0.08454437086095391, 0.9737150291707432]], "fy": 1437.1119993731083, "fx": 1437.1119993731083}, {"id": 23, "img_name": "23.JPG", "width": 1420, "height": 1420, "position": [4.736807231944327, 1.1470171557746653, 0.0296411278775339], "rotation": [[0.9650660206692983, 0.02933044849197502, -0.26035994419415875], [-0.049734690791137334, 0.9961545126061033, -0.07212938060462376], [0.25724314622830263, 0.0825585356323398, 0.96281361223905]], "fy": 1437.1119993731083, "fx": 1437.1119993731083}, {"id": 24, "img_name": "24.JPG", "width": 1420, "height": 1420, "position": [5.247305343796786, 0.6266629602386719, 0.09837416147407482], "rotation": [[0.963497413951177, 0.04515647353378491, -0.2638818413748602], [-0.057034167487084744, 0.9976669114078978, -0.03752116230716907], [0.26157185828840507, 0.05120182398917388, 0.9638249510008194]], "fy": 1437.1119993731083, "fx": 1437.1119993731083}, {"id": 25, "img_name": "25.JPG", "width": 1420, "height": 1420, "position": [4.902744279190055, 0.27116413057101574, 0.22711456404067343], "rotation": [[0.9774598500294677, 0.03971947301884785, -0.20735140472993063], [-0.03732194860626059, 0.9991836456930631, 0.015463322144708129], [0.2077963275243384, -0.007376018073757344, 0.9781443046017153]], "fy": 1437.1119993731083, "fx": 1437.1119993731083}, {"id": 26, "img_name": "26.JPG", "width": 1420, "height": 1420, "position": [3.6543909306955955, 0.30558597655180864, 0.14916027659785674], "rotation": [[0.9866620343499625, 0.01929561210247564, -0.16163449299572238], [-0.01538304955383088, 0.9995584209958996, 0.025422918845172567], [0.1620536693778262, -0.022597397411530433, 0.9865231704685946]], "fy": 1437.1119993731083, "fx": 1437.1119993731083}, {"id": 27, "img_name": "27.JPG", "width": 1420, "height": 1420, "position": [2.1948119864090407, 0.2498411618137541, 0.0642362441282417], "rotation": [[0.9936255489490801, -0.012150389356413714, -0.11207424554341974], [0.01541066683494098, 0.9994815238812195, 0.028270033034606564], [0.11167264581508597, -0.029816965951666587, 0.9932976234332263]], "fy": 1437.1119993731083, "fx": 1437.1119993731083}, {"id": 28, "img_name": "28.JPG", "width": 1420, "height": 1420, "position": [1.2896408603334242, 0.26556804067251777, 0.27280967650982835], "rotation": [[0.9960385349229247, -0.028872955233738604, -0.08410463366940298], [0.03128465857933007, 0.9991321497572968, 0.02749940833794726], [0.08323765425676469, -0.03002165514146315, 0.9960774031853138]], "fy": 1437.1119993731083, "fx": 1437.1119993731083}, {"id": 29, "img_name": "29.JPG", "width": 1420, "height": 1420, "position": [-0.41364797029060907, 0.24639581551379047, 0.25412673080114245], "rotation": [[0.9975251943815732, -0.03553934396465183, -0.06066664326107727], [0.03672368630825831, 0.9991538370591044, 0.018519739577035746], [0.05995713000083716, -0.020701809597973506, 0.9979862612488373]], "fy": 1437.1119993731083, "fx": 1437.1119993731083}]